0	38	42
1	67	73
2	55	65
3	47	54
4	15	25
5	3	7
6	26	31
52	112	121
40	161	165
7	137	147
8	94	100
9	169	174
10	80	90
14	148	154
15	112	129
16	205	213
17	266	273
18	254	259
19	242	249
20	231	237
21	220	226
22	194	204
39	351	358
23	351	366
24	332	344
25	299	304
26	305	309
27	285	292
28	319	324
29	398	408
30	392	397
31	371	373
32	374	379
13	454	458
33	444	458
34	416	420
53	480	487
35	551	559
36	533	545
37	575	583
38	480	498
41	591	600
42	519	526
43	648	652
44	637	643
45	617	622
46	602	609
54	697	704
47	681	690
48	697	713
49	813	817
50	778	784
51	797	803
56	672	677
55	824	838
64	849	853
57	955	963
58	940	948
59	922	932
60	902	915
61	879	883
62	866	875
63	849	859
67	1003	1013
68	986	990
69	968	974
70	978	985
71	1069	1075
72	1054	1066
73	1040	1044
74	1019	1031
65	1143	1147
76	1110	1117
77	1094	1099
78	1081	1089
81	1124	1147
75	1202	1206
83	1152	1158
84	1183	1206
85	1175	1180
86	1169	1173
87	1183	1195
66	1269	1277
91	1313	1320
92	1294	1298
93	1241	1249
94	1229	1237
95	1282	1290
97	1336	1343
98	1381	1388
99	1374	1378
100	1364	1372
101	1327	1335
104	1467	1470
105	1448	1454
106	1434	1440
107	1423	1430
108	1477	1482
110	1565	1570
111	1553	1557
112	1530	1534
113	1519	1524
114	1505	1514
115	1490	1497
116	1486	1489
117	1616	1627
118	1605	1611
119	1589	1596
120	1575	1579
122	1673	1679
123	1662	1672
124	1641	1646
125	1651	1656
126	1629	1634
127	1732	1739
128	1681	1690
129	1717	1725
130	1710	1714
131	1701	1705
783	1792	1811
132	1776	1784
133	1765	1771
136	1802	1811
137	1914	1921
138	1892	1897
139	1904	1910
140	1869	1878
141	1844	1852
142	1836	1842
143	1825	1832
144	1947	1952
145	1936	1943
146	1923	1927
147	1976	1981
148	2013	2021
149	1996	2005
150	1989	1995
151	1970	1975
152	1957	1962
153	2022	2043
79	2085	2097
155	2141	2150
156	2068	2073
157	2057	2063
159	2085	2109
160	2128	2132
161	2110	2119
80	2171	2176
163	2156	2176
164	2256	2263
165	2237	2247
166	2226	2234
167	2201	2212
168	2187	2198
185	2306	2311
170	2277	2285
171	2269	2276
178	2364	2369
96	2444	2452
90	2376	2385
89	2426	2431
88	2435	2441
82	2317	2324
172	2387	2395
173	2444	2462
174	2426	2441
175	2419	2424
176	2352	2357
177	2317	2336
180	2539	2547
181	2517	2522
183	2486	2490
184	2468	2479
186	2600	2609
187	2586	2594
188	2569	2574
189	2560	2568
190	2628	2635
191	2619	2627
192	2657	2663
193	2643	2652
194	2674	2683
195	2667	2673
197	2755	2765
198	2736	2746
199	2720	2730
200	2773	2782
201	2698	2708
102	2848	2857
205	2802	2808
206	2872	2880
207	2848	2866
209	2811	2818
210	2819	2824
211	2898	2904
212	2898	2912
213	2838	2844
215	2827	2834
217	2983	2993
218	2972	2980
219	2966	2971
220	2940	2946
221	2929	2934
222	2917	2928
224	3020	3031
225	3010	3015
103	3080	3089
227	3105	3114
228	3098	3104
229	3071	3089
230	3062	3064
231	3042	3060
232	3042	3047
233	3129	3135
234	3213	3217
235	3205	3209
236	3150	3158
237	3141	3147
238	3120	3128
239	3159	3169
240	3186	3196
241	3120	3125
242	3159	3167
248	3329	3339
794	3368	3374
792	3329	3345
791	3347	3374
784	3307	3325
244	3285	3295
245	3252	3259
246	3237	3245
247	3343	3346
255	3408	3414
256	3457	3461
257	3446	3453
258	3396	3399
259	3390	3393
260	3420	3430
261	3437	3443
109	3472	3476
263	3515	3518
264	3494	3500
265	3472	3482
267	3503	3508
268	3503	3512
121	3562	3565
269	3541	3547
270	3548	3565
271	3524	3533
272	3548	3558
273	3524	3529
274	3630	3639
275	3588	3595
276	3571	3580
277	3630	3635
278	3617	3621
279	3571	3576
282	3736	3744
283	3720	3731
284	3692	3702
285	3668	3677
286	3659	3665
287	3651	3655
288	3787	3793
289	3764	3768
290	3749	3757
291	3668	3673
296	3795	3799
297	3824	3833
298	3813	3820
134	3883	3887
299	3857	3866
300	3894	3898
301	3874	3887
307	3953	3981
308	3939	3947
309	3928	3937
310	3920	3925
311	3913	3919
312	3903	3905
158	4029	4038
154	3986	3995
313	4013	4021
314	4029	4045
315	3986	4009
316	4090	4094
317	4082	4086
318	4071	4079
319	4058	4064
320	4071	4076
326	4156	4161
797	4162	4175
135	4212	4222
179	4119	4122
162	4100	4105
321	4179	4188
322	4142	4149
323	4100	4113
324	4114	4118
325	4119	4126
327	4179	4184
328	4212	4229
329	4199	4208
182	4235	4240
331	4283	4292
332	4265	4272
333	4235	4253
334	4283	4288
202	4333	4342
196	4355	4373
335	4302	4310
336	4311	4316
337	4380	4390
338	4333	4347
339	4321	4328
340	4394	4403
341	4407	4410
204	4429	4438
203	4484	4494
344	4471	4479
345	4484	4502
346	4429	4443
347	4461	4465
348	4451	4455
208	4507	4516
351	4573	4580
352	4507	4530
353	4550	4559
356	4670	4681
357	4613	4621
358	4684	4690
359	4603	4609
360	4634	4644
367	4772	4775
368	4776	4784
369	4748	4757
370	4738	4747
371	4722	4730
372	4706	4721
373	4871	4875
374	4840	4847
375	4853	4857
376	4829	4836
380	4801	4810
381	4786	4790
382	4797	4800
383	4945	4949
384	4930	4938
385	4920	4927
386	4907	4915
387	4890	4902
388	4881	4887
389	5006	5013
390	4994	4998
391	4988	4993
392	4975	4978
393	4960	4968
394	5078	5081
395	5050	5056
396	5112	5120
397	5099	5111
398	5041	5049
399	5019	5025
400	5065	5073
401	5140	5143
402	5128	5135
405	5202	5206
406	5218	5225
407	5207	5215
408	5190	5195
409	5176	5181
410	5160	5168
411	5247	5259
804	5262	5266
802	5227	5231
412	5308	5317
413	5267	5292
414	5267	5277
415	5232	5239
418	5433	5439
419	5422	5429
420	5395	5407
421	5384	5392
422	5365	5375
423	5357	5362
424	5337	5342
427	5457	5466
428	5446	5452
429	5480	5489
226	5530	5539
431	5530	5553
432	5519	5527
433	5510	5515
434	5500	5506
435	5491	5494
436	5619	5625
437	5589	5594
438	5580	5584
439	5558	5573
440	5598	5612
442	5671	5676
443	5663	5670
444	5683	5698
445	5654	5658
446	5645	5650
216	5711	5720
447	5750	5765
448	5739	5746
449	5711	5731
451	5770	5775
452	5801	5805
453	5783	5794
455	5835	5842
456	5823	5832
457	5811	5818
458	5882	5897
459	5847	5852
460	5868	5875
463	5956	5961
464	5969	5976
465	5938	5946
466	5915	5923
467	6057	6077
468	6105	6115
469	6088	6102
470	6082	6087
471	6043	6051
472	6019	6040
473	6005	6012
474	5993	5998
475	6019	6029
476	6200	6205
477	6187	6196
478	6155	6171
480	6155	6161
223	6222	6232
486	6278	6291
487	6268	6273
488	6254	6261
489	6222	6243
494	6304	6319
495	6414	6420
496	6402	6407
497	6391	6397
498	6377	6385
499	6335	6342
500	6360	6366
249	6547	6554
243	6472	6478
502	6547	6560
503	6532	6537
504	6567	6573
505	6508	6523
506	6487	6493
507	6472	6484
508	6445	6449
509	6431	6438
510	6422	6427
250	6584	6589
511	6640	6645
512	6631	6637
513	6615	6624
514	6602	6608
515	6584	6597
251	6676	6680
516	6712	6718
517	6696	6701
518	6666	6680
519	6651	6659
520	6681	6691
522	6723	6728
523	6811	6816
524	6795	6804
525	6783	6789
526	6769	6778
527	6749	6753
528	6739	6745
529	6848	6856
530	6960	6964
531	6929	6950
532	6918	6926
533	6898	6909
534	6892	6896
535	6883	6888
536	6866	6873
537	6822	6832
253	7053	7069
252	7065	7069
538	7035	7045
539	7027	7032
540	7018	7025
541	6996	7003
542	6970	6980
544	7132	7143
545	7093	7105
546	7075	7085
549	7215	7227
550	7239	7250
551	7183	7191
552	7165	7175
554	7195	7202
280	7403	7412
266	7324	7336
262	7281	7289
254	7383	7390
555	7428	7434
556	7403	7421
557	7383	7398
558	7368	7379
559	7352	7363
560	7305	7318
561	7281	7300
562	7324	7346
564	7521	7530
565	7544	7554
566	7533	7540
567	7498	7507
568	7486	7492
569	7455	7464
570	7440	7450
571	7509	7516
572	7472	7479
292	7618	7629
281	7571	7577
573	7556	7565
574	7673	7685
575	7657	7667
576	7618	7646
577	7571	7587
578	7610	7615
579	7589	7605
294	7715	7724
293	7690	7701
581	7715	7732
582	7737	7741
583	7762	7768
584	7749	7757
585	7690	7708
586	7813	7817
587	7799	7805
588	7789	7794
589	7773	7783
302	7879	7889
590	7872	7878
591	7879	7899
592	7854	7864
593	7942	7950
594	7935	7939
595	7930	7934
596	7904	7911
597	7912	7917
295	8009	8018
599	8009	8029
600	7987	7993
601	7965	7978
602	7952	7962
603	8096	8102
604	8086	8092
605	8075	8084
606	8056	8068
607	8036	8045
608	8138	8150
609	8126	8135
610	8108	8119
303	8213	8224
611	8184	8198
612	8172	8179
613	8156	8165
614	8213	8232
615	8203	8209
616	8282	8287
617	8292	8299
618	8267	8274
619	8254	8261
620	8238	8246
305	8360	8369
621	8360	8380
622	8301	8307
623	8341	8346
625	8314	8321
306	8503	8525
304	8479	8500
626	8453	8463
627	8548	8552
628	8536	8541
629	8517	8525
630	8470	8474
631	8412	8420
632	8495	8500
635	8437	8441
636	8423	8430
637	8406	8411
638	8400	8405
639	8590	8600
640	8616	8623
641	8604	8613
642	8577	8588
643	8566	8570
644	8554	8562
645	8641	8651
646	8628	8634
647	8638	8640
648	8706	8717
649	8685	8703
650	8673	8680
350	8810	8818
651	8790	8800
652	8745	8753
653	8735	8742
654	8722	8728
655	8804	8809
657	8761	8767
330	8875	8881
658	8893	8897
659	8875	8890
660	8863	8874
661	8840	8847
662	8824	8832
343	8933	8943
663	8920	8926
664	8933	8951
665	8911	8916
668	9025	9032
669	8973	8978
670	8985	8990
671	9011	9018
349	9061	9071
673	9116	9127
674	9106	9113
675	9080	9086
676	9061	9079
677	9051	9056
678	9091	9099
679	9184	9194
680	9174	9183
681	9167	9171
682	9156	9166
683	9145	9149
342	9263	9270
684	9263	9277
685	9228	9240
686	9200	9212
687	9288	9295
688	9302	9306
689	9242	9248
694	9371	9377
695	9360	9367
696	9352	9357
697	9344	9350
698	9322	9328
699	9311	9315
700	9333	9339
702	9439	9445
703	9417	9424
704	9406	9414
705	9398	9404
706	9495	9502
707	9487	9492
708	9476	9485
709	9460	9474
710	9446	9454
711	9428	9432
712	9389	9393
713	9673	9677
714	9639	9648
715	9627	9637
716	9618	9626
717	9562	9574
718	9531	9551
719	9516	9526
720	9507	9514
721	9657	9666
722	9591	9610
723	9577	9586
726	9741	9751
727	9730	9737
728	9702	9706
729	9716	9720
730	9686	9695
732	9786	9794
733	9781	9785
734	9769	9774
735	9757	9761
736	9814	9819
737	9799	9806
355	9840	9845
354	9827	9835
739	9933	9937
740	9923	9927
741	9907	9916
742	9853	9861
743	9881	9890
744	9862	9872
747	10007	10012
748	9973	9982
749	9955	9959
750	9942	9959
751	9989	10012
361	10059	10064
754	10065	10073
755	10045	10050
756	10023	10033
757	10018	10022
759	10171	10178
760	10130	10137
761	10144	10163
762	10186	10198
763	10263	10269
764	10252	10260
765	10232	10241
766	10222	10229
767	10211	10220
768	10199	10209
769	10123	10127
770	10103	10115
363	10297	10304
362	10275	10282
772	10320	10331
773	10297	10315
774	10275	10290
775	10414	10423
776	10399	10405
777	10360	10365
778	10373	10381
779	10351	10358
780	10346	10350
785	10470	10481
786	10463	10469
787	10440	10448
788	10431	10436
364	10548	10554
789	10548	10564
790	10524	10543
793	10498	10510
365	10569	10575
795	10656	10663
796	10569	10585
798	10644	10649
799	10629	10635
800	10679	10686
801	10670	10678
803	10618	10635
805	10592	10600
806	10717	10733
807	10758	10764
808	10737	10746
809	10691	10704
811	10780	10786
812	10823	10837
813	10812	10820
814	10787	10796
815	10799	10804
817	10842	10855
818	10888	10892
819	10867	10873
820	10842	10866
821	10985	10989
822	10932	10948
823	10921	10927
824	10897	10910
825	10897	10920
826	10955	10971
827	10955	10962
829	11019	11032
830	11007	11012
831	10997	11003
832	11057	11064
833	11041	11046
834	11072	11075
835	11083	11089
836	11076	11080
837	11122	11131
838	11104	11116
839	11147	11163
840	11205	11220
841	11168	11181
842	11168	11174
843	11187	11198
844	11095	11103
378	11247	11254
377	11236	11240
366	11225	11231
845	11305	11319
846	11294	11302
847	11280	11289
848	11262	11274
379	11325	11330
852	11345	11347
853	11325	11343
854	11363	11372
855	11376	11385
857	11423	11430
858	11413	11418
859	11406	11410
860	11394	11402
416	11450	11453
404	11436	11446
861	11436	11453
862	11470	11474
863	11481	11485
403	11511	11516
869	11554	11561
870	11544	11551
871	11528	11535
872	11511	11524
417	11647	11650
873	11611	11615
874	11573	11581
875	11596	11604
876	11573	11578
877	11665	11676
878	11634	11650
881	11693	11699
882	11753	11767
883	11723	11730
884	11753	11759
885	11746	11750
886	11732	11739
887	11717	11721
888	11700	11709
891	11907	11914
892	11897	11904
893	11875	11895
894	11860	11867
895	11849	11854
896	11839	11844
897	11828	11834
898	11814	11821
899	11805	11813
900	11779	11783
901	11769	11775
425	11952	11958
902	11952	11969
903	11921	11928
904	11943	11948
905	12010	12016
908	11975	11981
11	11988	11992
909	12063	12070
910	12058	12062
911	12115	12120
912	12103	12113
913	12095	12101
914	12087	12093
915	12075	12085
916	12024	12039
426	12144	12158
917	12187	12195
918	12206	12214
919	12196	12202
920	12175	12183
922	12282	12286
923	12271	12278
924	12252	12259
925	12242	12249
926	12222	12230
927	12413	12418
928	12398	12405
929	12384	12392
930	12372	12380
931	12335	12343
932	12357	12367
934	12325	12330
935	12309	12316
936	12295	12302
12	12344	12354
937	12459	12463
938	12449	12455
939	12436	12444
940	12424	12431
941	12484	12490
942	12472	12479
944	12540	12544
945	12524	12533
946	12513	12521
947	12501	12511
948	12492	12500
949	12665	12672
950	12658	12664
951	12643	12649
952	12629	12636
953	12601	12623
954	12582	12591
450	12708	12714
441	12704	12707
430	12678	12685
956	12735	12745
957	12678	12693
962	12794	12809
963	12756	12770
964	12833	12840
965	12844	12850
966	12813	12830
967	12784	12793
968	12756	12763
969	12773	12783
970	13010	13014
971	12989	12998
972	12976	12986
973	12965	12972
974	12931	12939
975	12909	12917
976	12899	12905
977	12877	12892
978	12870	12876
461	13115	13123
979	13082	13092
980	13115	13133
981	13106	13112
982	13097	13104
983	13036	13056
984	13025	13029
985	13019	13024
462	13203	13208
986	13188	13197
987	13175	13183
988	13227	13234
989	13203	13217
990	13314	13321
991	13298	13304
992	13286	13291
993	13274	13280
994	13264	13268
995	13239	13244
454	13353	13361
997	13337	13341
998	13329	13333
999	13343	13348
1000	13374	13382
1001	13353	13369
1002	13488	13500
1003	13509	13516
1004	13426	13437
1005	13466	13471
1006	13475	13479
1007	13419	13424
1008	13412	13416
1009	13387	13395
1010	13444	13452
1011	13456	13461
1013	13541	13550
1014	13533	13540
1015	13558	13565
1016	13569	13575
1017	13682	13702
1018	13668	13676
1019	13658	13663
1020	13633	13641
1021	13622	13626
1022	13610	13615
1023	13587	13595
1024	13600	13605
1025	13580	13586
1027	13649	13653
1028	13735	13751
1029	13725	13731
1030	13803	13810
1031	13782	13789
1032	13766	13777
1035	13874	13878
1036	13864	13868
1037	13854	13860
1038	13845	13852
1039	13824	13828
479	13935	13943
1040	13965	13982
1041	13959	13964
1042	13944	13953
1044	13920	13928
1045	13910	13918
1046	13898	13905
482	14000	14010
481	14000	14017
1047	14033	14039
1048	14019	14027
1050	14045	14052
1051	14079	14083
1052	14057	14069
483	14088	14096
1054	14174	14180
1055	14161	14172
1056	14146	14150
1057	14116	14127
1058	14131	14139
1059	14108	14115
1062	14212	14219
1063	14196	14203
1064	14248	14253
1065	14268	14275
1066	14239	14247
1067	14295	14306
1068	14281	14288
1069	14307	14313
1070	14314	14321
1072	14395	14406
1073	14367	14381
1074	14450	14458
1075	14440	14447
1076	14431	14438
1077	14412	14419
485	14563	14570
484	14513	14518
1083	14548	14556
1084	14563	14578
1085	14513	14526
1086	14528	14535
1088	14491	14496
1089	14482	14490
1090	14597	14612
1091	14588	14596
547	14709	14713
493	14699	14705
492	14723	14730
1092	14678	14686
1093	14663	14674
1094	14620	14627
1095	14699	14713
1096	14723	14738
491	14913	14924
490	14824	14833
1098	14905	14924
1099	14882	14887
1100	14807	14812
1101	14871	14876
1102	14861	14867
1103	14838	14855
1105	14790	14796
1106	14771	14777
1107	14754	14763
1109	14740	14745
543	14972	14976
521	14956	14965
501	14930	14937
1110	14984	14993
1111	15000	15013
1112	14956	14976
1113	14930	14951
548	15032	15039
1114	15068	15079
1115	15055	15065
1116	15032	15053
1118	15192	15197
1119	15144	15156
1120	15113	15129
1121	15100	15108
1122	15085	15095
1124	15157	15170
563	15257	15264
553	15221	15232
1125	15221	15239
1126	15203	15214
1127	15257	15275
1129	15339	15348
1130	15382	15386
1131	15352	15360
1132	15281	15292
1133	15371	15376
1134	15327	15334
1140	15469	15473
1141	15451	15456
1142	15444	15448
1143	15430	15442
1144	15424	15429
580	15498	15505
1145	15498	15519
1146	15479	15486
1148	15594	15601
1149	15527	15531
1150	15546	15551
1151	15565	15572
634	15619	15623
1153	15635	15642
1154	15624	15630
1155	15606	15612
1156	15679	15690
1157	15665	15676
1158	15655	15664
624	15710	15717
1160	15736	15742
1161	15710	15729
1162	15756	15763
598	15789	15796
1163	15789	15807
1164	15816	15821
1165	15768	15779
633	15843	15849
1175	15897	15907
1176	15843	15863
1178	15877	15889
666	15967	15971
656	15957	15963
1179	15922	15927
1180	15957	15971
1181	15947	15953
667	15979	15984
1185	16044	16062
1186	16033	16038
1187	16024	16031
1188	16014	16018
1189	16007	16012
1190	15979	15998
1191	15999	16005
1192	16145	16153
1193	16138	16144
1194	16110	16117
1195	16077	16085
1196	16067	16074
1197	16184	16188
1198	16167	16177
1199	16105	16109
1200	16093	16098
1203	16269	16273
1204	16260	16265
1205	16215	16220
1206	16208	16214
1207	16242	16250
1208	16225	16241
1209	16190	16196
1211	16313	16319
1212	16304	16309
1213	16290	16295
1214	16281	16286
1215	16337	16341
1216	16324	16330
1218	16392	16401
1219	16380	16389
1220	16359	16368
1221	16347	16356
1222	16456	16461
1223	16443	16450
1224	16434	16438
1225	16407	16416
1226	16495	16501
1227	16467	16482
1228	16467	16476
1229	16525	16533
1230	16506	16518
1231	16595	16602
1232	16570	16574
1233	16547	16552
1234	16540	16546
692	16705	16715
691	16620	16625
1235	16705	16722
1236	16693	16699
1237	16666	16682
1238	16650	16663
1239	16643	16649
1240	16620	16632
1241	16604	16613
725	16825	16832
724	16815	16832
693	16766	16771
1242	16752	16759
1243	16792	16799
1244	16775	16789
1245	16760	16765
1246	16741	16750
1247	16729	16736
1248	16804	16832
701	16892	16898
690	16921	16930
672	16911	16916
1251	16872	16877
1252	16878	16887
1253	16858	16867
1254	16848	16854
1255	16834	16842
1256	16963	16968
1257	16950	16958
1258	16936	16945
1259	16980	16985
746	17065	17072
745	17052	17060
731	17026	17031
1268	17076	17082
1269	17042	17047
1270	17026	17039
1271	17015	17023
1272	17009	17014
1273	16991	17000
1274	16991	17008
1276	17144	17150
1277	17131	17139
1278	17119	17125
1279	17106	17112
1280	17094	17103
1289	17244	17253
1290	17244	17261
1291	17229	17240
1292	17203	17208
1293	17189	17199
1294	17173	17178
1295	17163	17168
1296	17156	17162
1297	17333	17338
1298	17318	17325
1299	17274	17279
1300	17287	17293
1301	17267	17273
1302	17346	17353
1303	17339	17345
1305	17299	17303
1306	17432	17437
1307	17422	17427
1308	17403	17411
1309	17388	17396
1310	17363	17372
1311	17363	17380
738	17457	17466
1312	17533	17543
1313	17484	17495
1314	17457	17479
753	17563	17572
1318	17624	17633
1319	17589	17600
1320	17563	17584
782	17710	17720
781	17728	17736
771	17639	17648
1324	17754	17763
1325	17710	17742
1326	17698	17707
1327	17685	17692
1328	17673	17679
1329	17639	17665
1330	17728	17742
1332	17656	17665
752	17805	17811
1335	17812	17819
1336	17798	17804
1337	17769	17778
1338	17769	17791
1340	17842	17852
1341	17853	17865
1342	17825	17833
758	17870	17884
1343	17917	17942
1344	17904	17913
1345	17894	17903
1347	17917	17922
1348	18047	18058
1349	18031	18038
1350	17961	17973
1351	18022	18030
1352	17948	17956
1353	17981	17995
